4 1
# most of this font is mid at best
# feel free to fix that :)
a
0.1 1
0.5 0
0.9 1
--
0.3 0.7
0.7 0.7
--
c
-b
1 0.3
0.7 0
1 0
-b
0.3 0
0 0.3
0 0
-b
0 0.7
0.3 1
0 1
-b
0.7 1
1 0.7
1 1
e
0.2 0
0.2 1
--
0.2 0
0.8 0
--
0.2 0.5
0.6 0.5
--
0.2 1
0.8 1
--
t
0 0
1 0
--
0.5 0
0.5 1
o
-b
1 0.3
0.7 0
1 0
-b
0.3 0
0 0.3
0 0
-b
0 0.7
0.3 1
0 1
-b
0.7 1
1 0.7
1 1
1 0.3
n
0 1
0 0
1 1
1 0
--
b
0.2 0.0
0.2 1.0
0.6 1.0
0.8 0.8
0.8 0.6
0.6 0.4
0.2 0.4
d
0 0
0 1
0.8 1
1 0.8
1 0.2
0.8 0
0 0
--
f
0.2 0
0.2 1
--
0.2 0
0.8 0
--
0.2 0.4
0.6 0.4
--
g
0.8 0.0
0.8 0.8
0.6 1.0
0.4 1.0
0.2 0.8
--
0.8 0.2
0.6 0.0
0.4 0.0
0.2 0.2
0.2 0.4
0.4 0.6
0.6 0.6
0.8 0.4
--
h
0.1 0.0
0.1 1.0
--
0.9 0.0
0.9 1.0
--
0.1 0.5
0.9 0.5
--
i
0.5 0.0
0.5 1.0
--
0.2 0
0.8 0
--
0.2 1
0.8 1
--
j
0.7 0.3
0.7 0.9
0.6 1.0
0.5 1.0
0.4 0.9
--
0.7 0.1
--
k
0.2 0.0
0.2 1.0
--
0.2 0.7
0.6 0.3
--
0.3 0.6
0.6 1.0
--
l
0.2 0.0
0.2 1.0
--
0.2 1.0
0.8 1.0
--
m
0.1 0.0
0.1 1.0
--
0.1 0.0
0.5 0.4
0.9 0.0
--
0.9 0.0
0.9 1.0
--
p
0.2 0.0
0.2 1.0
--
0.2 0.0
0.4 0.0
0.6 0.0
0.8 0.2
0.8 0.4
0.6 0.6
0.4 0.6
0.2 0.6
--
q
0.8 0.0
0.8 1.0
--
0.8 0.2
0.6 0.0
0.4 0.0
0.2 0.2
0.2 0.4
0.4 0.6
0.6 0.6
0.8 0.4
--
r
0.2 0.0
0.2 1.0
--
0.2 0.1
0.3 0.0
0.6 0.0
0.8 0.2
0.8 0.4
0.6 0.6
0.3 0.6
0.2 0.4
--
0.2 0.4
0.7 1
--
s
1.0 0.1
0.9 0.0
0.1 0.0
0.0 0.1
0.0 0.4
0.1 0.5
0.9 0.5
1.0 0.6
1.0 0.9
0.9 1.0
0.1 1.0
0.0 0.9
--
u
0.2 0.1
0.2 0.9
0.3 1.0
0.7 1.0
0.8 0.9
0.8 0.1
0.8 1.0
--
v
0.2 0.1
0.5 1.0
0.8 0.1
--
w
0.0 0.0
0.3 1.0
0.5 0.5
0.7 1.0
0.9 0.0
--
x
0.1 0.1
0.9 1.0
--
0.9 0.1
0.1 1.0
--
y
0.2 0.1
0.2 0.4
0.4 0.6
0.6 0.6
0.8 0.4
0.8 0.1
0.8 0.8
0.6 1.0
0.4 1.0
0.2 0.8
--
z
0.2 0.0
0.8 0.0
0.2 1.0
0.8 1.0
--
 
--
1
0.2 0.3
0.5 0.0
0.5 1.0
--
2
0.1 0.2
0.3 0.0
0.7 0.0
0.9 0.2
0.1 1.0
0.9 1.0
--
3
0.1 0.2
0.3 0.0
0.7 0.0
0.9 0.2
0.9 0.4
0.8 0.5
0.5 0.5
0.8 0.5
0.9 0.6
0.9 0.8
0.7 1.0
0.3 1.0
0.1 0.8
--
4
0.7 0.0
0.7 1.0
--
0.7 0.0
0.2 0.7
0.8 0.7
--
5
0.8 0.0
0.2 0.0
0.2 0.5
0.3 0.4
0.7 0.4
0.8 0.5
0.8 0.9
0.7 1.0
0.3 1.0
0.2 0.9
--
6
0.8 0.1
0.7 0.0
0.3 0.0
0.2 0.1
0.2 0.9
0.3 1.0
0.7 1.0
0.8 0.9
0.8 0.5
0.7 0.4
0.3 0.4
0.2 0.5
--
7
0.2 0.0
0.8 0.0
0.4 1.0
--
8
0.3 0.0
0.7 0.0
0.8 0.1
0.8 0.4
0.7 0.5
0.3 0.5
0.2 0.4
0.2 0.1
0.3 0.0
--
0.3 0.5
0.2 0.6
0.2 0.9
0.3 1.0
0.7 1.0
0.8 0.9
0.8 0.6
0.7 0.5
--
9
0.8 0.4
0.8 0.1
0.7 0.0
0.3 0.0
0.2 0.1
0.2 0.4
0.3 0.5
0.7 0.5
0.8 0.4
0.8 0.9
0.7 1.0
0.3 1.0
0.2 0.9
--
0
0.2 0.1
0.2 0.9
0.3 1.0
0.7 1.0
0.8 0.9
0.8 0.1
0.7 0.0
0.3 0.0
0.2 0.1
--
0.8 0.2
0.2 0.8
--
